 -0.995000  0.00000000  0.00000000
 -0.985000  0.00000000  0.00000000
 -0.975000  0.00000000  0.00000000
 -0.965000  0.00000000  0.00000000
 -0.955000  0.00000000  0.00000000
 -0.945000  0.00000000  0.00000000
 -0.935000  0.00000000  0.00000000
 -0.925000  0.00000000  0.00000000
 -0.915000  0.00000000  0.00000000
 -0.905000  0.00000000  0.00000000
 -0.895000  0.00000000  0.00000000
 -0.885000  0.00000000  0.00000000
 -0.875000  0.00000000  0.00000000
 -0.865000  0.00000000  0.00000000
 -0.855000  0.00000000  0.00000000
 -0.845000  0.00000000  0.00000000
 -0.835000  0.00000000  0.00000000
 -0.825000  0.00000000  0.00000000
 -0.815000  0.00000000  0.00000000
 -0.805000  0.00000000  0.00000000
 -0.795000  0.00000000  0.00000000
 -0.785000  0.00000000  0.00000000
 -0.775000  0.00000000  0.00000000
 -0.765000  0.00000000  0.00000000
 -0.755000  0.00000000  0.00000000
 -0.745000  0.00000000  0.00000000
 -0.735000  0.00000000  0.00000000
 -0.725000  0.00000000  0.00000000
 -0.715000  0.00000000  0.00000000
 -0.705000  0.00000000  0.00000000
 -0.695000  0.00000000  0.00000000
 -0.685000  0.00000000  0.00000000
 -0.675000  0.00000000  0.00000000
 -0.665000  0.00000000  0.00000000
 -0.655000  0.00000000  0.00000000
 -0.645000  0.00000000  0.00000000
 -0.635000  0.00000000  0.00000000
 -0.625000  0.00000000  0.00000000
 -0.615000  0.00000000  0.00000000
 -0.605000  0.00000000  0.00000000
 -0.595000  0.00000000  0.00000000
 -0.585000  0.00000000  0.00000000
 -0.575000  0.00000000  0.00000000
 -0.565000  0.00000000  0.00000000
 -0.555000  0.00000000  0.00000000
 -0.545000  0.00000000  0.00000000
 -0.535000  0.00000000  0.00000000
 -0.525000  0.00000000  0.00000000
 -0.515000  0.00000000  0.00000000
 -0.505000  0.10000002  0.00000000
 -0.495000  1.00000000  0.00000000
 -0.485000  1.00000000  0.00000000
 -0.475000  1.00000000  0.00000000
 -0.465000  1.00000000  0.00000000
 -0.455000  1.00000000  0.00000000
 -0.445000  1.00000000  0.00000000
 -0.435000  1.00000000  0.00000000
 -0.425000  1.00000000  0.00000000
 -0.415000  1.00000000  0.00000000
 -0.405000  1.00000000  0.00000000
 -0.395000  1.00000000  0.00000000
 -0.385000  1.00000000  0.00000000
 -0.375000  1.00000000  0.00000000
 -0.365000  1.00000000  0.00000000
 -0.355000  1.00000000  0.00000000
 -0.345000  1.00000000  0.00000000
 -0.335000  1.00000000  0.00000000
 -0.325000  1.00000000  0.00000000
 -0.315000  1.00000000  0.00000000
 -0.305000  1.00000000  0.00000000
 -0.295000  1.00000000  0.00000000
 -0.285000  1.00000000  0.00000000
 -0.275000  1.00000000  0.00000000
 -0.265000  1.00000000  0.00000000
 -0.255000  1.00000000  0.00000000
 -0.245000  1.00000000  0.00000000
 -0.235000  1.00000000  0.00000000
 -0.225000  1.00000000  0.00000000
 -0.215000  1.00000000  0.00000000
 -0.205000  1.00000000  0.00000000
 -0.195000  1.00000000  0.00000000
 -0.185000  1.00000000  0.00000000
 -0.175000  1.00000000  0.00000000
 -0.165000  1.00000000  0.00000000
 -0.155000  1.00000000  0.00000000
 -0.145000  1.00000000  0.00000000
 -0.135000  1.00000000  0.00000000
 -0.125000  1.00000000  0.00000000
 -0.115000  1.00000000  0.00000000
 -0.105000  1.00000000  0.00000000
 -0.095000  1.00000000  0.00000000
 -0.085000  1.00000000  0.00000000
 -0.075000  1.00000000  0.00000000
 -0.065000  1.00000000  0.00000000
 -0.055000  1.00000000  0.00000000
 -0.045000  1.00000000  0.00000000
 -0.035000  1.00000000  0.00000000
 -0.025000  1.00000000  0.00000000
 -0.015000  1.00000000  0.00000000
 -0.005000  0.89999998  0.00000000
  0.005000  0.00000000  1.00000000
  0.015000  0.00000000  1.00000000
  0.025000  0.00000000  1.00000000
  0.035000  0.00000000  1.00000000
  0.045000  0.00000000  1.00000000
  0.055000  0.00000000  1.00000000
  0.065000  0.00000000  1.00000000
  0.075000  0.00000000  1.00000000
  0.085000  0.00000000  1.00000000
  0.095000  0.00000000  1.00000000
  0.105000  0.00000000  1.00000000
  0.115000  0.00000000  1.00000000
  0.125000  0.00000000  1.00000000
  0.135000  0.00000000  1.00000000
  0.145000  0.00000000  1.00000000
  0.155000  0.00000000  1.00000000
  0.165000  0.00000000  1.00000000
  0.175000  0.00000000  1.00000000
  0.185000  0.00000000  1.00000000
  0.195000  0.00000000  1.00000000
  0.205000  0.00000000  1.00000000
  0.215000  0.00000000  1.00000000
  0.225000  0.00000000  1.00000000
  0.235000  0.00000000  1.00000000
  0.245000  0.00000000  1.00000000
  0.255000  0.00000000  1.00000000
  0.265000  0.00000000  1.00000000
  0.275000  0.00000000  1.00000000
  0.285000  0.00000000  1.00000000
  0.295000  0.00000000  1.00000000
  0.305000  0.00000000  1.00000000
  0.315000  0.00000000  1.00000000
  0.325000  0.00000000  1.00000000
  0.335000  0.00000000  1.00000000
  0.345000  0.00000000  1.00000000
  0.355000  0.00000000  1.00000000
  0.365000  0.00000000  1.00000000
  0.375000  0.00000000  1.00000000
  0.385000  0.00000000  1.00000000
  0.395000  0.00000000  1.00000000
  0.405000  0.00000000  1.00000000
  0.415000  0.00000000  1.00000000
  0.425000  0.00000000  1.00000000
  0.435000  0.00000000  1.00000000
  0.445000  0.00000000  1.00000000
  0.455000  0.00000000  1.00000000
  0.465000  0.00000000  1.00000000
  0.475000  0.00000000  1.00000000
  0.485000  0.00000000  1.00000000
  0.495000  0.00000000  1.00000000
  0.505000  0.00000000  0.00000000
  0.515000  0.00000000  0.00000000
  0.525000  0.00000000  0.00000000
  0.535000  0.00000000  0.00000000
  0.545000  0.00000000  0.00000000
  0.555000  0.00000000  0.00000000
  0.565000  0.00000000  0.00000000
  0.575000  0.00000000  0.00000000
  0.585000  0.00000000  0.00000000
  0.595000  0.00000000  0.00000000
  0.605000  0.00000000  0.00000000
  0.615000  0.00000000  0.00000000
  0.625000  0.00000000  0.00000000
  0.635000  0.00000000  0.00000000
  0.645000  0.00000000  0.00000000
  0.655000  0.00000000  0.00000000
  0.665000  0.00000000  0.00000000
  0.675000  0.00000000  0.00000000
  0.685000  0.00000000  0.00000000
  0.695000  0.00000000  0.00000000
  0.705000  0.00000000  0.00000000
  0.715000  0.00000000  0.00000000
  0.725000  0.00000000  0.00000000
  0.735000  0.00000000  0.00000000
  0.745000  0.00000000  0.00000000
  0.755000  0.00000000  0.00000000
  0.765000  0.00000000  0.00000000
  0.775000  0.00000000  0.00000000
  0.785000  0.00000000  0.00000000
  0.795000  0.00000000  0.00000000
  0.805000  0.00000000  0.00000000
  0.815000  0.00000000  0.00000000
  0.825000  0.00000000  0.00000000
  0.835000  0.00000000  0.00000000
  0.845000  0.00000000  0.00000000
  0.855000  0.00000000  0.00000000
  0.865000  0.00000000  0.00000000
  0.875000  0.00000000  0.00000000
  0.885000  0.00000000  0.00000000
  0.895000  0.00000000  0.00000000
  0.905000  0.00000000  0.00000000
  0.915000  0.00000000  0.00000000
  0.925000  0.00000000  0.00000000
  0.935000  0.00000000  0.00000000
  0.945000  0.00000000  0.00000000
  0.955000  0.00000000  0.00000000
  0.965000  0.00000000  0.00000000
  0.975000  0.00000000  0.00000000
  0.985000  0.00000000  0.00000000
  0.995000  0.00000000  0.00000000

 -0.995000  0.00000000  0.00000000
 -0.985000  0.00000000  0.00000000
 -0.975000  0.00000000  0.00000000
 -0.965000  0.00000000  0.00000000
 -0.955000  0.00000000  0.00000000
 -0.945000  0.00000000  0.00000000
 -0.935000  0.00000000  0.00000000
 -0.925000  0.00000000  0.00000000
 -0.915000  0.00000000  0.00000000
 -0.905000  0.00000000  0.00000000
 -0.895000  0.00000000  0.00000000
 -0.885000  0.00000000  0.00000000
 -0.875000  0.00000000  0.00000000
 -0.865000  0.00000000  0.00000000
 -0.855000  0.00000000  0.00000000
 -0.845000  0.00000000  0.00000000
 -0.835000  0.00000000  0.00000000
 -0.825000  0.00000000  0.00000000
 -0.815000  0.00000000  0.00000000
 -0.805000  0.00000000  0.00000000
 -0.795000  0.00000000  0.00000000
 -0.785000  0.00000000  0.00000000
 -0.775000  0.00000000  0.00000000
 -0.765000  0.00000000  0.00000000
 -0.755000  0.00000000  0.00000000
 -0.745000  0.00000000  0.00000000
 -0.735000  0.00000000  0.00000000
 -0.725000  0.00000000  0.00000000
 -0.715000  0.00000000  0.00000000
 -0.705000  0.00000000  0.00000000
 -0.695000  0.00000000  0.00000000
 -0.685000  0.00000000  0.00000000
 -0.675000  0.00000000  0.00000000
 -0.665000  0.00000000  0.00000000
 -0.655000  0.00000000  0.00000000
 -0.645000  0.00000000  0.00000000
 -0.635000  0.00000000  0.00000000
 -0.625000  0.00000000  0.00000000
 -0.615000  0.00000000  0.00000000
 -0.605000  0.00000000  0.00000000
 -0.595000  0.00000000  0.00000000
 -0.585000  0.00000000  0.00000000
 -0.575000  0.00000000  0.00000000
 -0.565000  0.00000000  0.00000000
 -0.555000  0.00000000  0.00000000
 -0.545000  0.00000000  0.00000000
 -0.535000  0.00000000  0.00000000
 -0.525000  0.00000000  0.00000000
 -0.515000  0.00000000  0.00000000
 -0.505000  0.03219987  0.00000000
 -0.495000  0.05536995  0.00000000
 -0.485000  0.07923106  0.00000000
 -0.475000  0.10707979  0.00000000
 -0.465000  0.15059908  0.00000000
 -0.455000  0.31834573  0.00000000
 -0.445000  0.90321368  0.00000000
 -0.435000  0.99992609  0.00000000
 -0.425000  1.00000000  0.00000000
 -0.415000  1.00000000  0.00000000
 -0.405000  1.00000000  0.00000000
 -0.395000  1.00000000  0.00000000
 -0.385000  1.00000000  0.00000000
 -0.375000  1.00000000  0.00000000
 -0.365000  1.00000000  0.00000000
 -0.355000  1.00000000  0.00000000
 -0.345000  1.00000000  0.00000000
 -0.335000  1.00000000  0.00000000
 -0.325000  1.00000000  0.00000000
 -0.315000  1.00000000  0.00000000
 -0.305000  1.00000000  0.00000000
 -0.295000  1.00000000  0.00000000
 -0.285000  1.00000000  0.00000000
 -0.275000  1.00000000  0.00000000
 -0.265000  1.00000000  0.00000000
 -0.255000  1.00000000  0.00000000
 -0.245000  1.00000000  0.00000000
 -0.235000  1.00000000  0.00000000
 -0.225000  1.00000000  0.00000000
 -0.215000  1.00000000  0.00000000
 -0.205000  1.00000000  0.00000000
 -0.195000  1.00000000  0.00000000
 -0.185000  1.00000000  0.00000000
 -0.175000  1.00000000  0.00000000
 -0.165000  1.00000000  0.00000000
 -0.155000  1.00000000  0.00000000
 -0.145000  1.00000000  0.00000000
 -0.135000  1.00000000  0.00000000
 -0.125000  1.00000000  0.00000000
 -0.115000  1.00000000  0.00000000
 -0.105000  1.00000000  0.00000000
 -0.095000  1.00000000  0.00000000
 -0.085000  1.00000000  0.00000000
 -0.075000  1.00000000  0.00000000
 -0.065000  1.00000000  0.00000000
 -0.055000  1.00000000  0.00000000
 -0.045000  1.00000000  0.00000000
 -0.035000  1.00000000  0.00000000
 -0.025000  1.00000000  0.00000000
 -0.015000  1.00000000  0.00000000
 -0.005000  0.90000087  0.00000000
  0.005000  0.66697764  1.00000000
  0.015000  0.59658021  1.00000000
  0.025000  0.54239476  1.00000000
  0.035000  0.49491379  1.00000000
  0.045000  0.45454934  1.00000000
  0.055000  0.39878353  1.00000000
  0.065000  0.38236555  1.00000000
  0.075000  0.26455936  1.00000000
  0.085000  0.29413077  1.00000000
  0.095000  0.13444126  1.00000000
  0.105000  0.17328963  1.00000000
  0.115000  0.04465957  1.00000000
  0.125000  0.00638859  1.00000000
  0.135000  0.00000001  1.00000000
  0.145000  0.00000000  1.00000000
  0.155000  0.00000000  1.00000000
  0.165000  0.00000000  1.00000000
  0.175000  0.00000000  1.00000000
  0.185000  0.00000000  1.00000000
  0.195000  0.00000000  1.00000000
  0.205000  0.00000000  1.00000000
  0.215000  0.00000000  1.00000000
  0.225000  0.00000000  1.00000000
  0.235000  0.00000000  1.00000000
  0.245000  0.00000000  1.00000000
  0.255000  0.00000000  1.00000000
  0.265000  0.00000000  1.00000000
  0.275000  0.00000000  1.00000000
  0.285000  0.00000000  1.00000000
  0.295000  0.00000000  1.00000000
  0.305000  0.00000000  1.00000000
  0.315000  0.00000000  1.00000000
  0.325000  0.00000000  1.00000000
  0.335000  0.00000000  1.00000000
  0.345000  0.00000000  1.00000000
  0.355000  0.00000000  1.00000000
  0.365000  0.00000000  1.00000000
  0.375000  0.00000000  1.00000000
  0.385000  0.00000000  1.00000000
  0.395000  0.00000000  1.00000000
  0.405000  0.00000000  1.00000000
  0.415000  0.00000000  1.00000000
  0.425000  0.00000000  1.00000000
  0.435000  0.00000000  1.00000000
  0.445000  0.00000000  1.00000000
  0.455000  0.00000000  1.00000000
  0.465000  0.00000000  1.00000000
  0.475000  0.00000000  1.00000000
  0.485000  0.00000000  1.00000000
  0.495000  0.00000000  1.00000000
  0.505000  0.00000000  0.00000000
  0.515000  0.00000000  0.00000000
  0.525000  0.00000000  0.00000000
  0.535000  0.00000000  0.00000000
  0.545000  0.00000000  0.00000000
  0.555000  0.00000000  0.00000000
  0.565000  0.00000000  0.00000000
  0.575000  0.00000000  0.00000000
  0.585000  0.00000000  0.00000000
  0.595000  0.00000000  0.00000000
  0.605000  0.00000000  0.00000000
  0.615000  0.00000000  0.00000000
  0.625000  0.00000000  0.00000000
  0.635000  0.00000000  0.00000000
  0.645000  0.00000000  0.00000000
  0.655000  0.00000000  0.00000000
  0.665000  0.00000000  0.00000000
  0.675000  0.00000000  0.00000000
  0.685000  0.00000000  0.00000000
  0.695000  0.00000000  0.00000000
  0.705000  0.00000000  0.00000000
  0.715000  0.00000000  0.00000000
  0.725000  0.00000000  0.00000000
  0.735000  0.00000000  0.00000000
  0.745000  0.00000000  0.00000000
  0.755000  0.00000000  0.00000000
  0.765000  0.00000000  0.00000000
  0.775000  0.00000000  0.00000000
  0.785000  0.00000000  0.00000000
  0.795000  0.00000000  0.00000000
  0.805000  0.00000000  0.00000000
  0.815000  0.00000000  0.00000000
  0.825000  0.00000000  0.00000000
  0.835000  0.00000000  0.00000000
  0.845000  0.00000000  0.00000000
  0.855000  0.00000000  0.00000000
  0.865000  0.00000000  0.00000000
  0.875000  0.00000000  0.00000000
  0.885000  0.00000000  0.00000000
  0.895000  0.00000000  0.00000000
  0.905000  0.00000000  0.00000000
  0.915000  0.00000000  0.00000000
  0.925000  0.00000000  0.00000000
  0.935000  0.00000000  0.00000000
  0.945000  0.00000000  0.00000000
  0.955000  0.00000000  0.00000000
  0.965000  0.00000000  0.00000000
  0.975000  0.00000000  0.00000000
  0.985000  0.00000000  0.00000000
  0.995000  0.00000000  0.00000000

 -0.995000  0.00000000  0.00000000
 -0.985000  0.00000000  0.00000000
 -0.975000  0.00000000  0.00000000
 -0.965000  0.00000000  0.00000000
 -0.955000  0.00000000  0.00000000
 -0.945000  0.00000000  0.00000000
 -0.935000  0.00000000  0.00000000
 -0.925000  0.00000000  0.00000000
 -0.915000  0.00000000  0.00000000
 -0.905000  0.00000000  0.00000000
 -0.895000  0.00000000  0.00000000
 -0.885000  0.00000000  0.00000000
 -0.875000  0.00000000  0.00000000
 -0.865000  0.00000000  0.00000000
 -0.855000  0.00000000  0.00000000
 -0.845000  0.00000000  0.00000000
 -0.835000  0.00000000  0.00000000
 -0.825000  0.00000000  0.00000000
 -0.815000  0.00000000  0.00000000
 -0.805000  0.00000000  0.00000000
 -0.795000  0.00000000  0.00000000
 -0.785000  0.00000000  0.00000000
 -0.775000  0.00000000  0.00000000
 -0.765000  0.00000000  0.00000000
 -0.755000  0.00000000  0.00000000
 -0.745000  0.00000000  0.00000000
 -0.735000  0.00000000  0.00000000
 -0.725000  0.00000000  0.00000000
 -0.715000  0.00000000  0.00000000
 -0.705000  0.00000000  0.00000000
 -0.695000  0.00000000  0.00000000
 -0.685000  0.00000000  0.00000000
 -0.675000  0.00000000  0.00000000
 -0.665000  0.00000000  0.00000000
 -0.655000  0.00000000  0.00000000
 -0.645000  0.00000000  0.00000000
 -0.635000  0.00000000  0.00000000
 -0.625000  0.00000000  0.00000000
 -0.615000  0.00000000  0.00000000
 -0.605000  0.00000000  0.00000000
 -0.595000  0.00000000  0.00000000
 -0.585000  0.00000000  0.00000000
 -0.575000  0.00000000  0.00000000
 -0.565000  0.00000000  0.00000000
 -0.555000  0.00000000  0.00000000
 -0.545000  0.00000000  0.00000000
 -0.535000  0.00000000  0.00000000
 -0.525000  0.00000000  0.00000000
 -0.515000  0.00000000  0.00000000
 -0.505000  0.01931197  0.00000000
 -0.495000  0.03136443  0.00000000
 -0.485000  0.04266394  0.00000000
 -0.475000  0.05370071  0.00000000
 -0.465000  0.06474533  0.00000000
 -0.455000  0.07609223  0.00000000
 -0.445000  0.08820631  0.00000000
 -0.435000  0.10201952  0.00000000
 -0.425000  0.11989240  0.00000000
 -0.415000  0.15027086  0.00000000
 -0.405000  0.25593659  0.00000000
 -0.395000  0.80295986  0.00000000
 -0.385000  0.99936855  0.00000000
 -0.375000  1.00000000  0.00000000
 -0.365000  1.00000000  0.00000000
 -0.355000  1.00000000  0.00000000
 -0.345000  1.00000000  0.00000000
 -0.335000  1.00000000  0.00000000
 -0.325000  1.00000000  0.00000000
 -0.315000  1.00000000  0.00000000
 -0.305000  1.00000000  0.00000000
 -0.295000  1.00000000  0.00000000
 -0.285000  1.00000000  0.00000000
 -0.275000  1.00000000  0.00000000
 -0.265000  1.00000000  0.00000000
 -0.255000  1.00000000  0.00000000
 -0.245000  1.00000000  0.00000000
 -0.235000  1.00000000  0.00000000
 -0.225000  1.00000000  0.00000000
 -0.215000  1.00000000  0.00000000
 -0.205000  1.00000000  0.00000000
 -0.195000  1.00000000  0.00000000
 -0.185000  1.00000000  0.00000000
 -0.175000  1.00000000  0.00000000
 -0.165000  1.00000000  0.00000000
 -0.155000  1.00000000  0.00000000
 -0.145000  1.00000000  0.00000000
 -0.135000  1.00000000  0.00000000
 -0.125000  1.00000000  0.00000000
 -0.115000  1.00000000  0.00000000
 -0.105000  1.00000000  0.00000000
 -0.095000  1.00000000  0.00000000
 -0.085000  1.00000000  0.00000000
 -0.075000  1.00000000  0.00000000
 -0.065000  1.00000000  0.00000000
 -0.055000  1.00000000  0.00000000
 -0.045000  1.00000000  0.00000000
 -0.035000  1.00000000  0.00000000
 -0.025000  1.00000000  0.00000000
 -0.015000  1.00000000  0.00000000
 -0.005000  0.90000105  0.00000000
  0.005000  0.76238251  1.00000000
  0.015000  0.70840269  1.00000000
  0.025000  0.66712415  1.00000000
  0.035000  0.63268477  1.00000000
  0.045000  0.60254961  1.00000000
  0.055000  0.57529265  1.00000000
  0.065000  0.54997581  1.00000000
  0.075000  0.52593172  1.00000000
  0.085000  0.50246435  1.00000000
  0.095000  0.47968012  1.00000000
  0.105000  0.45446873  1.00000000
  0.115000  0.43509635  1.00000000
  0.125000  0.39538246  1.00000000
  0.135000  0.39000481  1.00000000
  0.145000  0.31579733  1.00000000
  0.155000  0.33717033  1.00000000
  0.165000  0.23025230  1.00000000
  0.175000  0.27690059  1.00000000
  0.185000  0.14977360  1.00000000
  0.195000  0.19283783  1.00000000
  0.205000  0.07193954  1.00000000
  0.215000  0.03714193  1.00000000
  0.225000  0.00021170  1.00000000
  0.235000  0.00000000  1.00000000
  0.245000  0.00000000  1.00000000
  0.255000  0.00000000  1.00000000
  0.265000  0.00000000  1.00000000
  0.275000  0.00000000  1.00000000
  0.285000  0.00000000  1.00000000
  0.295000  0.00000000  1.00000000
  0.305000  0.00000000  1.00000000
  0.315000  0.00000000  1.00000000
  0.325000  0.00000000  1.00000000
  0.335000  0.00000000  1.00000000
  0.345000  0.00000000  1.00000000
  0.355000  0.00000000  1.00000000
  0.365000  0.00000000  1.00000000
  0.375000  0.00000000  1.00000000
  0.385000  0.00000000  1.00000000
  0.395000  0.00000000  1.00000000
  0.405000  0.00000000  1.00000000
  0.415000  0.00000000  1.00000000
  0.425000  0.00000000  1.00000000
  0.435000  0.00000000  1.00000000
  0.445000  0.00000000  1.00000000
  0.455000  0.00000000  1.00000000
  0.465000  0.00000000  1.00000000
  0.475000  0.00000000  1.00000000
  0.485000  0.00000000  1.00000000
  0.495000  0.00000000  1.00000000
  0.505000  0.00000000  0.00000000
  0.515000  0.00000000  0.00000000
  0.525000  0.00000000  0.00000000
  0.535000  0.00000000  0.00000000
  0.545000  0.00000000  0.00000000
  0.555000  0.00000000  0.00000000
  0.565000  0.00000000  0.00000000
  0.575000  0.00000000  0.00000000
  0.585000  0.00000000  0.00000000
  0.595000  0.00000000  0.00000000
  0.605000  0.00000000  0.00000000
  0.615000  0.00000000  0.00000000
  0.625000  0.00000000  0.00000000
  0.635000  0.00000000  0.00000000
  0.645000  0.00000000  0.00000000
  0.655000  0.00000000  0.00000000
  0.665000  0.00000000  0.00000000
  0.675000  0.00000000  0.00000000
  0.685000  0.00000000  0.00000000
  0.695000  0.00000000  0.00000000
  0.705000  0.00000000  0.00000000
  0.715000  0.00000000  0.00000000
  0.725000  0.00000000  0.00000000
  0.735000  0.00000000  0.00000000
  0.745000  0.00000000  0.00000000
  0.755000  0.00000000  0.00000000
  0.765000  0.00000000  0.00000000
  0.775000  0.00000000  0.00000000
  0.785000  0.00000000  0.00000000
  0.795000  0.00000000  0.00000000
  0.805000  0.00000000  0.00000000
  0.815000  0.00000000  0.00000000
  0.825000  0.00000000  0.00000000
  0.835000  0.00000000  0.00000000
  0.845000  0.00000000  0.00000000
  0.855000  0.00000000  0.00000000
  0.865000  0.00000000  0.00000000
  0.875000  0.00000000  0.00000000
  0.885000  0.00000000  0.00000000
  0.895000  0.00000000  0.00000000
  0.905000  0.00000000  0.00000000
  0.915000  0.00000000  0.00000000
  0.925000  0.00000000  0.00000000
  0.935000  0.00000000  0.00000000
  0.945000  0.00000000  0.00000000
  0.955000  0.00000000  0.00000000
  0.965000  0.00000000  0.00000000
  0.975000  0.00000000  0.00000000
  0.985000  0.00000000  0.00000000
  0.995000  0.00000000  0.00000000

 -0.995000  0.00000000  0.00000000
 -0.985000  0.00000000  0.00000000
 -0.975000  0.00000000  0.00000000
 -0.965000  0.00000000  0.00000000
 -0.955000  0.00000000  0.00000000
 -0.945000  0.00000000  0.00000000
 -0.935000  0.00000000  0.00000000
 -0.925000  0.00000000  0.00000000
 -0.915000  0.00000000  0.00000000
 -0.905000  0.00000000  0.00000000
 -0.895000  0.00000000  0.00000000
 -0.885000  0.00000000  0.00000000
 -0.875000  0.00000000  0.00000000
 -0.865000  0.00000000  0.00000000
 -0.855000  0.00000000  0.00000000
 -0.845000  0.00000000  0.00000000
 -0.835000  0.00000000  0.00000000
 -0.825000  0.00000000  0.00000000
 -0.815000  0.00000000  0.00000000
 -0.805000  0.00000000  0.00000000
 -0.795000  0.00000000  0.00000000
 -0.785000  0.00000000  0.00000000
 -0.775000  0.00000000  0.00000000
 -0.765000  0.00000000  0.00000000
 -0.755000  0.00000000  0.00000000
 -0.745000  0.00000000  0.00000000
 -0.735000  0.00000000  0.00000000
 -0.725000  0.00000000  0.00000000
 -0.715000  0.00000000  0.00000000
 -0.705000  0.00000000  0.00000000
 -0.695000  0.00000000  0.00000000
 -0.685000  0.00000000  0.00000000
 -0.675000  0.00000000  0.00000000
 -0.665000  0.00000000  0.00000000
 -0.655000  0.00000000  0.00000000
 -0.645000  0.00000000  0.00000000
 -0.635000  0.00000000  0.00000000
 -0.625000  0.00000000  0.00000000
 -0.615000  0.00000000  0.00000000
 -0.605000  0.00000000  0.00000000
 -0.595000  0.00000000  0.00000000
 -0.585000  0.00000000  0.00000000
 -0.575000  0.00000000  0.00000000
 -0.565000  0.00000000  0.00000000
 -0.555000  0.00000000  0.00000000
 -0.545000  0.00000000  0.00000000
 -0.535000  0.00000000  0.00000000
 -0.525000  0.00000000  0.00000000
 -0.515000  0.00000000  0.00000000
 -0.505000  0.01373702  0.00000000
 -0.495000  0.02210368  0.00000000
 -0.485000  0.02982257  0.00000000
 -0.475000  0.03722826  0.00000000
 -0.465000  0.04444970  0.00000000
 -0.455000  0.05156461  0.00000000
 -0.445000  0.05863720  0.00000000
 -0.435000  0.06573472  0.00000000
 -0.425000  0.07294095  0.00000000
 -0.415000  0.08037490  0.00000000
 -0.405000  0.08822566  0.00000000
 -0.395000  0.09682878  0.00000000
 -0.385000  0.10686062  0.00000000
 -0.375000  0.11993659  0.00000000
 -0.365000  0.14108407  0.00000000
 -0.355000  0.19667217  0.00000000
 -0.345000  0.56793481  0.00000000
 -0.335000  0.98936850  0.00000000
 -0.325000  0.99999970  0.00000000
 -0.315000  1.00000000  0.00000000
 -0.305000  1.00000000  0.00000000
 -0.295000  1.00000000  0.00000000
 -0.285000  1.00000000  0.00000000
 -0.275000  1.00000000  0.00000000
 -0.265000  1.00000000  0.00000000
 -0.255000  1.00000000  0.00000000
 -0.245000  1.00000000  0.00000000
 -0.235000  1.00000000  0.00000000
 -0.225000  1.00000000  0.00000000
 -0.215000  1.00000000  0.00000000
 -0.205000  1.00000000  0.00000000
 -0.195000  1.00000000  0.00000000
 -0.185000  1.00000000  0.00000000
 -0.175000  1.00000000  0.00000000
 -0.165000  1.00000000  0.00000000
 -0.155000  1.00000000  0.00000000
 -0.145000  1.00000000  0.00000000
 -0.135000  1.00000000  0.00000000
 -0.125000  1.00000000  0.00000000
 -0.115000  1.00000000  0.00000000
 -0.105000  1.00000000  0.00000000
 -0.095000  1.00000000  0.00000000
 -0.085000  1.00000000  0.00000000
 -0.075000  1.00000000  0.00000000
 -0.065000  1.00000000  0.00000000
 -0.055000  1.00000000  0.00000000
 -0.045000  1.00000000  0.00000000
 -0.035000  1.00000000  0.00000000
 -0.025000  1.00000000  0.00000000
 -0.015000  1.00000000  0.00000000
 -0.005000  0.90000987  0.00000000
  0.005000  0.80989897  1.00000000
  0.015000  0.76427752  1.00000000
  0.025000  0.72889465  1.00000000
  0.035000  0.69930017  1.00000000
  0.045000  0.67355138  1.00000000
  0.055000  0.65056074  1.00000000
  0.065000  0.62963563  1.00000000
  0.075000  0.61029613  1.00000000
  0.085000  0.59218794  1.00000000
  0.095000  0.57503515  1.00000000
  0.105000  0.55861115  1.00000000
  0.115000  0.54272103  1.00000000
  0.125000  0.52718467  1.00000000
  0.135000  0.51184309  1.00000000
  0.145000  0.49646381  1.00000000
  0.155000  0.48110384  1.00000000
  0.165000  0.46464285  1.00000000
  0.175000  0.44975966  1.00000000
  0.185000  0.42778894  1.00000000
  0.195000  0.41838884  1.00000000
  0.205000  0.37872741  1.00000000
  0.215000  0.38189733  1.00000000
  0.225000  0.32049501  1.00000000
  0.235000  0.34157917  1.00000000
  0.245000  0.25590420  1.00000000
  0.255000  0.29700103  1.00000000
  0.265000  0.18869860  1.00000000
  0.275000  0.23952493  1.00000000
  0.285000  0.12211958  1.00000000
  0.295000  0.13684306  1.00000000
  0.305000  0.03815998  1.00000000
  0.315000  0.00338870  1.00000000
  0.325000  0.00000008  1.00000000
  0.335000  0.00000000  1.00000000
  0.345000  0.00000000  1.00000000
  0.355000  0.00000000  1.00000000
  0.365000  0.00000000  1.00000000
  0.375000  0.00000000  1.00000000
  0.385000  0.00000000  1.00000000
  0.395000  0.00000000  1.00000000
  0.405000  0.00000000  1.00000000
  0.415000  0.00000000  1.00000000
  0.425000  0.00000000  1.00000000
  0.435000  0.00000000  1.00000000
  0.445000  0.00000000  1.00000000
  0.455000  0.00000000  1.00000000
  0.465000  0.00000000  1.00000000
  0.475000  0.00000000  1.00000000
  0.485000  0.00000000  1.00000000
  0.495000  0.00000000  1.00000000
  0.505000  0.00000000  0.00000000
  0.515000  0.00000000  0.00000000
  0.525000  0.00000000  0.00000000
  0.535000  0.00000000  0.00000000
  0.545000  0.00000000  0.00000000
  0.555000  0.00000000  0.00000000
  0.565000  0.00000000  0.00000000
  0.575000  0.00000000  0.00000000
  0.585000  0.00000000  0.00000000
  0.595000  0.00000000  0.00000000
  0.605000  0.00000000  0.00000000
  0.615000  0.00000000  0.00000000
  0.625000  0.00000000  0.00000000
  0.635000  0.00000000  0.00000000
  0.645000  0.00000000  0.00000000
  0.655000  0.00000000  0.00000000
  0.665000  0.00000000  0.00000000
  0.675000  0.00000000  0.00000000
  0.685000  0.00000000  0.00000000
  0.695000  0.00000000  0.00000000
  0.705000  0.00000000  0.00000000
  0.715000  0.00000000  0.00000000
  0.725000  0.00000000  0.00000000
  0.735000  0.00000000  0.00000000
  0.745000  0.00000000  0.00000000
  0.755000  0.00000000  0.00000000
  0.765000  0.00000000  0.00000000
  0.775000  0.00000000  0.00000000
  0.785000  0.00000000  0.00000000
  0.795000  0.00000000  0.00000000
  0.805000  0.00000000  0.00000000
  0.815000  0.00000000  0.00000000
  0.825000  0.00000000  0.00000000
  0.835000  0.00000000  0.00000000
  0.845000  0.00000000  0.00000000
  0.855000  0.00000000  0.00000000
  0.865000  0.00000000  0.00000000
  0.875000  0.00000000  0.00000000
  0.885000  0.00000000  0.00000000
  0.895000  0.00000000  0.00000000
  0.905000  0.00000000  0.00000000
  0.915000  0.00000000  0.00000000
  0.925000  0.00000000  0.00000000
  0.935000  0.00000000  0.00000000
  0.945000  0.00000000  0.00000000
  0.955000  0.00000000  0.00000000
  0.965000  0.00000000  0.00000000
  0.975000  0.00000000  0.00000000
  0.985000  0.00000000  0.00000000
  0.995000  0.00000000  0.00000000

 -0.995000  0.00000000  0.00000000
 -0.985000  0.00000000  0.00000000
 -0.975000  0.00000000  0.00000000
 -0.965000  0.00000000  0.00000000
 -0.955000  0.00000000  0.00000000
 -0.945000  0.00000000  0.00000000
 -0.935000  0.00000000  0.00000000
 -0.925000  0.00000000  0.00000000
 -0.915000  0.00000000  0.00000000
 -0.905000  0.00000000  0.00000000
 -0.895000  0.00000000  0.00000000
 -0.885000  0.00000000  0.00000000
 -0.875000  0.00000000  0.00000000
 -0.865000  0.00000000  0.00000000
 -0.855000  0.00000000  0.00000000
 -0.845000  0.00000000  0.00000000
 -0.835000  0.00000000  0.00000000
 -0.825000  0.00000000  0.00000000
 -0.815000  0.00000000  0.00000000
 -0.805000  0.00000000  0.00000000
 -0.795000  0.00000000  0.00000000
 -0.785000  0.00000000  0.00000000
 -0.775000  0.00000000  0.00000000
 -0.765000  0.00000000  0.00000000
 -0.755000  0.00000000  0.00000000
 -0.745000  0.00000000  0.00000000
 -0.735000  0.00000000  0.00000000
 -0.725000  0.00000000  0.00000000
 -0.715000  0.00000000  0.00000000
 -0.705000  0.00000000  0.00000000
 -0.695000  0.00000000  0.00000000
 -0.685000  0.00000000  0.00000000
 -0.675000  0.00000000  0.00000000
 -0.665000  0.00000000  0.00000000
 -0.655000  0.00000000  0.00000000
 -0.645000  0.00000000  0.00000000
 -0.635000  0.00000000  0.00000000
 -0.625000  0.00000000  0.00000000
 -0.615000  0.00000000  0.00000000
 -0.605000  0.00000000  0.00000000
 -0.595000  0.00000000  0.00000000
 -0.585000  0.00000000  0.00000000
 -0.575000  0.00000000  0.00000000
 -0.565000  0.00000000  0.00000000
 -0.555000  0.00000000  0.00000000
 -0.545000  0.00000000  0.00000000
 -0.535000  0.00000000  0.00000000
 -0.525000  0.00000000  0.00000000
 -0.515000  0.00000000  0.00000000
 -0.505000  0.01068620  0.00000000
 -0.495000  0.01716099  0.00000000
 -0.485000  0.02311008  0.00000000
 -0.475000  0.02879382  0.00000000
 -0.465000  0.03430715  0.00000000
 -0.455000  0.03969985  0.00000000
 -0.445000  0.04500479  0.00000000
 -0.435000  0.05024782  0.00000000
 -0.425000  0.05545243  0.00000000
 -0.415000  0.06064265  0.00000000
 -0.405000  0.06584561  0.00000000
 -0.395000  0.07109455  0.00000000
 -0.385000  0.07643330  0.00000000
 -0.375000  0.08192367  0.00000000
 -0.365000  0.08765876  0.00000000
 -0.355000  0.09378923  0.00000000
 -0.345000  0.10057976  0.00000000
 -0.335000  0.10854618  0.00000000
 -0.325000  0.11884734  0.00000000
 -0.315000  0.13471904  0.00000000
 -0.305000  0.16955175  0.00000000
 -0.295000  0.35695601  0.00000000
 -0.285000  0.92792791  0.00000000
 -0.275000  0.99996310  0.00000000
 -0.265000  1.00000000  0.00000000
 -0.255000  1.00000000  0.00000000
 -0.245000  1.00000000  0.00000000
 -0.235000  1.00000000  0.00000000
 -0.225000  1.00000000  0.00000000
 -0.215000  1.00000000  0.00000000
 -0.205000  1.00000000  0.00000000
 -0.195000  1.00000000  0.00000000
 -0.185000  1.00000000  0.00000000
 -0.175000  1.00000000  0.00000000
 -0.165000  1.00000000  0.00000000
 -0.155000  1.00000000  0.00000000
 -0.145000  1.00000000  0.00000000
 -0.135000  1.00000000  0.00000000
 -0.125000  1.00000000  0.00000000
 -0.115000  1.00000000  0.00000000
 -0.105000  1.00000000  0.00000000
 -0.095000  1.00000000  0.00000000
 -0.085000  1.00000000  0.00000000
 -0.075000  1.00000000  0.00000000
 -0.065000  1.00000000  0.00000000
 -0.055000  1.00000000  0.00000000
 -0.045000  1.00000000  0.00000000
 -0.035000  1.00000000  0.00000000
 -0.025000  1.00000000  0.00000000
 -0.015000  1.00000000  0.00000000
 -0.005000  0.90086603  0.00000000
  0.005000  0.83837640  1.00000000
  0.015000  0.79875791  1.00000000
  0.025000  0.76729441  1.00000000
  0.035000  0.74071771  1.00000000
  0.045000  0.71749991  1.00000000
  0.055000  0.69676030  1.00000000
  0.065000  0.67793101  1.00000000
  0.075000  0.66061801  1.00000000
  0.085000  0.64453340  1.00000000
  0.095000  0.62945783  1.00000000
  0.105000  0.61521852  1.00000000
  0.115000  0.60167521  1.00000000
  0.125000  0.58871073  1.00000000
  0.135000  0.57622427  1.00000000
  0.145000  0.56412697  1.00000000
  0.155000  0.55233765  1.00000000
  0.165000  0.54077983  1.00000000
  0.175000  0.52937937  1.00000000
  0.185000  0.51805997  1.00000000
  0.195000  0.50674766  1.00000000
  0.205000  0.49533653  1.00000000
  0.215000  0.48381087  1.00000000
  0.225000  0.47177401  1.00000000
  0.235000  0.46000606  1.00000000
  0.245000  0.44570330  1.00000000
  0.255000  0.43543854  1.00000000
  0.265000  0.41335511  1.00000000
  0.275000  0.40947843  1.00000000
  0.285000  0.37171668  1.00000000
  0.295000  0.37816215  1.00000000
  0.305000  0.32505250  1.00000000
  0.315000  0.34450632  1.00000000
  0.325000  0.27158833  1.00000000
  0.335000  0.30769518  1.00000000
  0.345000  0.21339026  1.00000000
  0.355000  0.26231438  1.00000000
  0.365000  0.15344323  1.00000000
  0.375000  0.19417506  1.00000000
  0.385000  0.08166705  1.00000000
  0.395000  0.05474545  1.00000000
  0.405000  0.00162523  1.00000000
  0.415000  0.00000055  1.00000000
  0.425000  0.00000000  1.00000000
  0.435000  0.00000000  1.00000000
  0.445000  0.00000000  1.00000000
  0.455000  0.00000000  1.00000000
  0.465000  0.00000000  1.00000000
  0.475000  0.00000000  1.00000000
  0.485000  0.00000000  1.00000000
  0.495000  0.00000000  1.00000000
  0.505000  0.00000000  0.00000000
  0.515000  0.00000000  0.00000000
  0.525000  0.00000000  0.00000000
  0.535000  0.00000000  0.00000000
  0.545000  0.00000000  0.00000000
  0.555000  0.00000000  0.00000000
  0.565000  0.00000000  0.00000000
  0.575000  0.00000000  0.00000000
  0.585000  0.00000000  0.00000000
  0.595000  0.00000000  0.00000000
  0.605000  0.00000000  0.00000000
  0.615000  0.00000000  0.00000000
  0.625000  0.00000000  0.00000000
  0.635000  0.00000000  0.00000000
  0.645000  0.00000000  0.00000000
  0.655000  0.00000000  0.00000000
  0.665000  0.00000000  0.00000000
  0.675000  0.00000000  0.00000000
  0.685000  0.00000000  0.00000000
  0.695000  0.00000000  0.00000000
  0.705000  0.00000000  0.00000000
  0.715000  0.00000000  0.00000000
  0.725000  0.00000000  0.00000000
  0.735000  0.00000000  0.00000000
  0.745000  0.00000000  0.00000000
  0.755000  0.00000000  0.00000000
  0.765000  0.00000000  0.00000000
  0.775000  0.00000000  0.00000000
  0.785000  0.00000000  0.00000000
  0.795000  0.00000000  0.00000000
  0.805000  0.00000000  0.00000000
  0.815000  0.00000000  0.00000000
  0.825000  0.00000000  0.00000000
  0.835000  0.00000000  0.00000000
  0.845000  0.00000000  0.00000000
  0.855000  0.00000000  0.00000000
  0.865000  0.00000000  0.00000000
  0.875000  0.00000000  0.00000000
  0.885000  0.00000000  0.00000000
  0.895000  0.00000000  0.00000000
  0.905000  0.00000000  0.00000000
  0.915000  0.00000000  0.00000000
  0.925000  0.00000000  0.00000000
  0.935000  0.00000000  0.00000000
  0.945000  0.00000000  0.00000000
  0.955000  0.00000000  0.00000000
  0.965000  0.00000000  0.00000000
  0.975000  0.00000000  0.00000000
  0.985000  0.00000000  0.00000000
  0.995000  0.00000000  0.00000000

 -0.995000  0.00000000  0.00000000
 -0.985000  0.00000000  0.00000000
 -0.975000  0.00000000  0.00000000
 -0.965000  0.00000000  0.00000000
 -0.955000  0.00000000  0.00000000
 -0.945000  0.00000000  0.00000000
 -0.935000  0.00000000  0.00000000
 -0.925000  0.00000000  0.00000000
 -0.915000  0.00000000  0.00000000
 -0.905000  0.00000000  0.00000000
 -0.895000  0.00000000  0.00000000
 -0.885000  0.00000000  0.00000000
 -0.875000  0.00000000  0.00000000
 -0.865000  0.00000000  0.00000000
 -0.855000  0.00000000  0.00000000
 -0.845000  0.00000000  0.00000000
 -0.835000  0.00000000  0.00000000
 -0.825000  0.00000000  0.00000000
 -0.815000  0.00000000  0.00000000
 -0.805000  0.00000000  0.00000000
 -0.795000  0.00000000  0.00000000
 -0.785000  0.00000000  0.00000000
 -0.775000  0.00000000  0.00000000
 -0.765000  0.00000000  0.00000000
 -0.755000  0.00000000  0.00000000
 -0.745000  0.00000000  0.00000000
 -0.735000  0.00000000  0.00000000
 -0.725000  0.00000000  0.00000000
 -0.715000  0.00000000  0.00000000
 -0.705000  0.00000000  0.00000000
 -0.695000  0.00000000  0.00000000
 -0.685000  0.00000000  0.00000000
 -0.675000  0.00000000  0.00000000
 -0.665000  0.00000000  0.00000000
 -0.655000  0.00000000  0.00000000
 -0.645000  0.00000000  0.00000000
 -0.635000  0.00000000  0.00000000
 -0.625000  0.00000000  0.00000000
 -0.615000  0.00000000  0.00000000
 -0.605000  0.00000000  0.00000000
 -0.595000  0.00000000  0.00000000
 -0.585000  0.00000000  0.00000000
 -0.575000  0.00000000  0.00000000
 -0.565000  0.00000000  0.00000000
 -0.555000  0.00000000  0.00000000
 -0.545000  0.00000000  0.00000000
 -0.535000  0.00000000  0.00000000
 -0.525000  0.00000000  0.00000000
 -0.515000  0.00000000  0.00000000
 -0.505000  0.00875406  0.00000000
 -0.495000  0.01405513  0.00000000
 -0.485000  0.01892165  0.00000000
 -0.475000  0.02356650  0.00000000
 -0.465000  0.02806615  0.00000000
 -0.455000  0.03245916  0.00000000
 -0.445000  0.03676922  0.00000000
 -0.435000  0.04101305  0.00000000
 -0.425000  0.04520392  0.00000000
 -0.415000  0.04935334  0.00000000
 -0.405000  0.05347212  0.00000000
 -0.395000  0.05757122  0.00000000
 -0.385000  0.06166237  0.00000000
 -0.375000  0.06575891  0.00000000
 -0.365000  0.06987674  0.00000000
 -0.355000  0.07403579  0.00000000
 -0.345000  0.07826213  0.00000000
 -0.335000  0.08259150  0.00000000
 -0.325000  0.08707527  0.00000000
 -0.315000  0.09179101  0.00000000
 -0.305000  0.09686313  0.00000000
 -0.295000  0.10250550  0.00000000
 -0.285000  0.10912067  0.00000000
 -0.275000  0.11756560  0.00000000
 -0.265000  0.13003123  0.00000000
 -0.255000  0.15416010  0.00000000
 -0.245000  0.24237376  0.00000000
 -0.235000  0.76016170  0.00000000
 -0.225000  0.99877590  0.00000000
 -0.215000  1.00000000  0.00000000
 -0.205000  1.00000000  0.00000000
 -0.195000  1.00000000  0.00000000
 -0.185000  1.00000000  0.00000000
 -0.175000  1.00000000  0.00000000
 -0.165000  1.00000000  0.00000000
 -0.155000  1.00000000  0.00000000
 -0.145000  1.00000000  0.00000000
 -0.135000  1.00000000  0.00000000
 -0.125000  1.00000000  0.00000000
 -0.115000  1.00000000  0.00000000
 -0.105000  1.00000000  0.00000000
 -0.095000  1.00000000  0.00000000
 -0.085000  1.00000000  0.00000000
 -0.075000  1.00000000  0.00000000
 -0.065000  1.00000000  0.00000000
 -0.055000  1.00000000  0.00000000
 -0.045000  1.00000000  0.00000000
 -0.035000  1.00000000  0.00000000
 -0.025000  1.00000000  0.00000000
 -0.015000  1.00000000  0.00000000
 -0.005000  0.90353340  0.00000000
  0.005000  0.85689437  1.00000000
  0.015000  0.82241124  1.00000000
  0.025000  0.79412401  1.00000000
  0.035000  0.76987690  1.00000000
  0.045000  0.74852705  1.00000000
  0.055000  0.72937423  1.00000000
  0.065000  0.71195072  1.00000000
  0.075000  0.69592524  1.00000000
  0.085000  0.68105304  1.00000000
  0.095000  0.66714692  1.00000000
  0.105000  0.65405953  1.00000000
  0.115000  0.64167225  1.00000000
  0.125000  0.62988764  1.00000000
  0.135000  0.61862397  1.00000000
  0.145000  0.60781181  1.00000000
  0.155000  0.59739077  1.00000000
  0.165000  0.58730745  1.00000000
  0.175000  0.57751417  1.00000000
  0.185000  0.56796694  1.00000000
  0.195000  0.55862498  1.00000000
  0.205000  0.54944903  1.00000000
  0.215000  0.54040092  1.00000000
  0.225000  0.53144246  1.00000000
  0.235000  0.52253443  1.00000000
  0.245000  0.51363498  1.00000000
  0.255000  0.50470096  1.00000000
  0.265000  0.49567655  1.00000000
  0.275000  0.48652932  1.00000000
  0.285000  0.47711110  1.00000000
  0.295000  0.46761176  1.00000000
  0.305000  0.45715022  1.00000000
  0.315000  0.44773126  1.00000000
  0.325000  0.43401033  1.00000000
  0.335000  0.42714897  1.00000000
  0.345000  0.40456960  1.00000000
  0.355000  0.40381348  1.00000000
  0.365000  0.36909536  1.00000000
  0.375000  0.37646145  1.00000000
  0.385000  0.32910925  1.00000000
  0.395000  0.34702593  1.00000000
  0.405000  0.28264770  1.00000000
  0.415000  0.31492993  1.00000000
  0.425000  0.23087692  1.00000000
  0.435000  0.27663895  1.00000000
  0.445000  0.17563544  1.00000000
  0.455000  0.22265300  1.00000000
  0.465000  0.11395620  1.00000000
  0.475000  0.11602277  1.00000000
  0.485000  0.02681487  1.00000000
  0.495000  0.00112377  1.00000000
  0.505000  0.00000000  0.00000000
  0.515000  0.00000000  0.00000000
  0.525000  0.00000000  0.00000000
  0.535000  0.00000000  0.00000000
  0.545000  0.00000000  0.00000000
  0.555000  0.00000000  0.00000000
  0.565000  0.00000000  0.00000000
  0.575000  0.00000000  0.00000000
  0.585000  0.00000000  0.00000000
  0.595000  0.00000000  0.00000000
  0.605000  0.00000000  0.00000000
  0.615000  0.00000000  0.00000000
  0.625000  0.00000000  0.00000000
  0.635000  0.00000000  0.00000000
  0.645000  0.00000000  0.00000000
  0.655000  0.00000000  0.00000000
  0.665000  0.00000000  0.00000000
  0.675000  0.00000000  0.00000000
  0.685000  0.00000000  0.00000000
  0.695000  0.00000000  0.00000000
  0.705000  0.00000000  0.00000000
  0.715000  0.00000000  0.00000000
  0.725000  0.00000000  0.00000000
  0.735000  0.00000000  0.00000000
  0.745000  0.00000000  0.00000000
  0.755000  0.00000000  0.00000000
  0.765000  0.00000000  0.00000000
  0.775000  0.00000000  0.00000000
  0.785000  0.00000000  0.00000000
  0.795000  0.00000000  0.00000000
  0.805000  0.00000000  0.00000000
  0.815000  0.00000000  0.00000000
  0.825000  0.00000000  0.00000000
  0.835000  0.00000000  0.00000000
  0.845000  0.00000000  0.00000000
  0.855000  0.00000000  0.00000000
  0.865000  0.00000000  0.00000000
  0.875000  0.00000000  0.00000000
  0.885000  0.00000000  0.00000000
  0.895000  0.00000000  0.00000000
  0.905000  0.00000000  0.00000000
  0.915000  0.00000000  0.00000000
  0.925000  0.00000000  0.00000000
  0.935000  0.00000000  0.00000000
  0.945000  0.00000000  0.00000000
  0.955000  0.00000000  0.00000000
  0.965000  0.00000000  0.00000000
  0.975000  0.00000000  0.00000000
  0.985000  0.00000000  0.00000000
  0.995000  0.00000000  0.00000000

 -0.995000  0.00000000  0.00000000
 -0.985000  0.00000000  0.00000000
 -0.975000  0.00000000  0.00000000
 -0.965000  0.00000000  0.00000000
 -0.955000  0.00000000  0.00000000
 -0.945000  0.00000000  0.00000000
 -0.935000  0.00000000  0.00000000
 -0.925000  0.00000000  0.00000000
 -0.915000  0.00000000  0.00000000
 -0.905000  0.00000000  0.00000000
 -0.895000  0.00000000  0.00000000
 -0.885000  0.00000000  0.00000000
 -0.875000  0.00000000  0.00000000
 -0.865000  0.00000000  0.00000000
 -0.855000  0.00000000  0.00000000
 -0.845000  0.00000000  0.00000000
 -0.835000  0.00000000  0.00000000
 -0.825000  0.00000000  0.00000000
 -0.815000  0.00000000  0.00000000
 -0.805000  0.00000000  0.00000000
 -0.795000  0.00000000  0.00000000
 -0.785000  0.00000000  0.00000000
 -0.775000  0.00000000  0.00000000
 -0.765000  0.00000000  0.00000000
 -0.755000  0.00000000  0.00000000
 -0.745000  0.00000000  0.00000000
 -0.735000  0.00000000  0.00000000
 -0.725000  0.00000000  0.00000000
 -0.715000  0.00000000  0.00000000
 -0.705000  0.00000000  0.00000000
 -0.695000  0.00000000  0.00000000
 -0.685000  0.00000000  0.00000000
 -0.675000  0.00000000  0.00000000
 -0.665000  0.00000000  0.00000000
 -0.655000  0.00000000  0.00000000
 -0.645000  0.00000000  0.00000000
 -0.635000  0.00000000  0.00000000
 -0.625000  0.00000000  0.00000000
 -0.615000  0.00000000  0.00000000
 -0.605000  0.00000000  0.00000000
 -0.595000  0.00000000  0.00000000
 -0.585000  0.00000000  0.00000000
 -0.575000  0.00000000  0.00000000
 -0.565000  0.00000000  0.00000000
 -0.555000  0.00000000  0.00000000
 -0.545000  0.00000000  0.00000000
 -0.535000  0.00000000  0.00000000
 -0.525000  0.00000000  0.00000000
 -0.515000  0.00000000  0.00000000
 -0.505000  0.00741936  0.00000000
 -0.495000  0.01191562  0.00000000
 -0.485000  0.01604424  0.00000000
 -0.475000  0.01998502  0.00000000
 -0.465000  0.02380214  0.00000000
 -0.455000  0.02752742  0.00000000
 -0.445000  0.03117988  0.00000000
 -0.435000  0.03477238  0.00000000
 -0.425000  0.03831451  0.00000000
 -0.415000  0.04181398  0.00000000
 -0.405000  0.04527743  0.00000000
 -0.395000  0.04871090  0.00000000
 -0.385000  0.05212018  0.00000000
 -0.375000  0.05551105  0.00000000
 -0.365000  0.05888959  0.00000000
 -0.355000  0.06226235  0.00000000
 -0.345000  0.06563673  0.00000000
 -0.335000  0.06902135  0.00000000
 -0.325000  0.07242659  0.00000000
 -0.315000  0.07586545  0.00000000
 -0.305000  0.07935459  0.00000000
 -0.295000  0.08291627  0.00000000
 -0.285000  0.08658119  0.00000000
 -0.275000  0.09039350  0.00000000
 -0.265000  0.09441934  0.00000000
 -0.255000  0.09876328  0.00000000
 -0.245000  0.10360124  0.00000000
 -0.235000  0.10925404  0.00000000
 -0.225000  0.11637373  0.00000000
 -0.215000  0.12651093  0.00000000
 -0.205000  0.14441887  0.00000000
 -0.195000  0.19410484  0.00000000
 -0.185000  0.53691447  0.00000000
 -0.175000  0.98563743  0.00000000
 -0.165000  0.99999934  0.00000000
 -0.155000  1.00000000  0.00000000
 -0.145000  1.00000000  0.00000000
 -0.135000  1.00000000  0.00000000
 -0.125000  1.00000000  0.00000000
 -0.115000  1.00000000  0.00000000
 -0.105000  1.00000000  0.00000000
 -0.095000  1.00000000  0.00000000
 -0.085000  1.00000000  0.00000000
 -0.075000  1.00000000  0.00000000
 -0.065000  1.00000000  0.00000000
 -0.055000  1.00000000  0.00000000
 -0.045000  1.00000000  0.00000000
 -0.035000  1.00000000  0.00000000
 -0.025000  1.00000000  0.00000000
 -0.015000  1.00000000  0.00000000
 -0.005000  0.90743780  0.00000000
  0.005000  0.86991942  1.00000000
  0.015000  0.83966255  1.00000000
  0.025000  0.81407261  1.00000000
  0.035000  0.79178590  1.00000000
  0.045000  0.77197611  1.00000000
  0.055000  0.75409883  1.00000000
  0.065000  0.73777413  1.00000000
  0.075000  0.72272480  1.00000000
  0.085000  0.70874184  1.00000000
  0.095000  0.69566333  1.00000000
  0.105000  0.68336070  1.00000000
  0.115000  0.67172986  1.00000000
  0.125000  0.66068548  1.00000000
  0.135000  0.65015596  1.00000000
  0.145000  0.64008075  1.00000000
  0.155000  0.63040817  1.00000000
  0.165000  0.62109298  1.00000000
  0.175000  0.61209583  1.00000000
  0.185000  0.60338157  1.00000000
  0.195000  0.59491867  1.00000000
  0.205000  0.58667839  1.00000000
  0.215000  0.57863432  1.00000000
  0.225000  0.57076180  1.00000000
  0.235000  0.56303751  1.00000000
  0.245000  0.55543900  1.00000000
  0.255000  0.54794431  1.00000000
  0.265000  0.54053158  1.00000000
  0.275000  0.53317869  1.00000000
  0.285000  0.52586275  1.00000000
  0.295000  0.51855987  1.00000000
  0.305000  0.51124412  1.00000000
  0.315000  0.50388783  1.00000000
  0.325000  0.49645784  1.00000000
  0.335000  0.48892531  1.00000000
  0.345000  0.48122698  1.00000000
  0.355000  0.47338751  1.00000000
  0.365000  0.46513212  1.00000000
  0.375000  0.45700213  1.00000000
  0.385000  0.44733599  1.00000000
  0.395000  0.43976417  1.00000000
  0.405000  0.42603743  1.00000000
  0.415000  0.42174843  1.00000000
  0.425000  0.39904353  1.00000000
  0.435000  0.40023503  1.00000000
  0.445000  0.36823118  1.00000000
  0.455000  0.37576935  1.00000000
  0.465000  0.33277625  1.00000000
  0.475000  0.34927481  1.00000000
  0.485000  0.29123461  1.00000000
  0.495000  0.32036930  1.00000000
  0.505000  0.24412425  0.00000000
  0.515000  0.28659242  0.00000000
  0.525000  0.19294026  0.00000000
  0.535000  0.24115434  0.00000000
  0.545000  0.13543287  0.00000000
  0.555000  0.16059233  0.00000000
  0.565000  0.06127019  0.00000000
  0.575000  0.01862684  0.00000000
  0.585000  0.00004715  0.00000000
  0.595000  0.00000000  0.00000000
  0.605000  0.00000000  0.00000000
  0.615000  0.00000000  0.00000000
  0.625000  0.00000000  0.00000000
  0.635000  0.00000000  0.00000000
  0.645000  0.00000000  0.00000000
  0.655000  0.00000000  0.00000000
  0.665000  0.00000000  0.00000000
  0.675000  0.00000000  0.00000000
  0.685000  0.00000000  0.00000000
  0.695000  0.00000000  0.00000000
  0.705000  0.00000000  0.00000000
  0.715000  0.00000000  0.00000000
  0.725000  0.00000000  0.00000000
  0.735000  0.00000000  0.00000000
  0.745000  0.00000000  0.00000000
  0.755000  0.00000000  0.00000000
  0.765000  0.00000000  0.00000000
  0.775000  0.00000000  0.00000000
  0.785000  0.00000000  0.00000000
  0.795000  0.00000000  0.00000000
  0.805000  0.00000000  0.00000000
  0.815000  0.00000000  0.00000000
  0.825000  0.00000000  0.00000000
  0.835000  0.00000000  0.00000000
  0.845000  0.00000000  0.00000000
  0.855000  0.00000000  0.00000000
  0.865000  0.00000000  0.00000000
  0.875000  0.00000000  0.00000000
  0.885000  0.00000000  0.00000000
  0.895000  0.00000000  0.00000000
  0.905000  0.00000000  0.00000000
  0.915000  0.00000000  0.00000000
  0.925000  0.00000000  0.00000000
  0.935000  0.00000000  0.00000000
  0.945000  0.00000000  0.00000000
  0.955000  0.00000000  0.00000000
  0.965000  0.00000000  0.00000000
  0.975000  0.00000000  0.00000000
  0.985000  0.00000000  0.00000000
  0.995000  0.00000000  0.00000000

 -0.995000  0.00000000  0.00000000
 -0.985000  0.00000000  0.00000000
 -0.975000  0.00000000  0.00000000
 -0.965000  0.00000000  0.00000000
 -0.955000  0.00000000  0.00000000
 -0.945000  0.00000000  0.00000000
 -0.935000  0.00000000  0.00000000
 -0.925000  0.00000000  0.00000000
 -0.915000  0.00000000  0.00000000
 -0.905000  0.00000000  0.00000000
 -0.895000  0.00000000  0.00000000
 -0.885000  0.00000000  0.00000000
 -0.875000  0.00000000  0.00000000
 -0.865000  0.00000000  0.00000000
 -0.855000  0.00000000  0.00000000
 -0.845000  0.00000000  0.00000000
 -0.835000  0.00000000  0.00000000
 -0.825000  0.00000000  0.00000000
 -0.815000  0.00000000  0.00000000
 -0.805000  0.00000000  0.00000000
 -0.795000  0.00000000  0.00000000
 -0.785000  0.00000000  0.00000000
 -0.775000  0.00000000  0.00000000
 -0.765000  0.00000000  0.00000000
 -0.755000  0.00000000  0.00000000
 -0.745000  0.00000000  0.00000000
 -0.735000  0.00000000  0.00000000
 -0.725000  0.00000000  0.00000000
 -0.715000  0.00000000  0.00000000
 -0.705000  0.00000000  0.00000000
 -0.695000  0.00000000  0.00000000
 -0.685000  0.00000000  0.00000000
 -0.675000  0.00000000  0.00000000
 -0.665000  0.00000000  0.00000000
 -0.655000  0.00000000  0.00000000
 -0.645000  0.00000000  0.00000000
 -0.635000  0.00000000  0.00000000
 -0.625000  0.00000000  0.00000000
 -0.615000  0.00000000  0.00000000
 -0.605000  0.00000000  0.00000000
 -0.595000  0.00000000  0.00000000
 -0.585000  0.00000000  0.00000000
 -0.575000  0.00000000  0.00000000
 -0.565000  0.00000000  0.00000000
 -0.555000  0.00000000  0.00000000
 -0.545000  0.00000000  0.00000000
 -0.535000  0.00000000  0.00000000
 -0.525000  0.00000000  0.00000000
 -0.515000  0.00000000  0.00000000
 -0.505000  0.00644033  0.00000000
 -0.495000  0.01034770  0.00000000
 -0.485000  0.01393772  0.00000000
 -0.475000  0.01736592  0.00000000
 -0.465000  0.02068754  0.00000000
 -0.455000  0.02392977  0.00000000
 -0.445000  0.02710862  0.00000000
 -0.435000  0.03023467  0.00000000
 -0.425000  0.03331558  0.00000000
 -0.415000  0.03635730  0.00000000
 -0.405000  0.03936470  0.00000000
 -0.395000  0.04234201  0.00000000
 -0.385000  0.04529300  0.00000000
 -0.375000  0.04822121  0.00000000
 -0.365000  0.05113005  0.00000000
 -0.355000  0.05402292  0.00000000
 -0.345000  0.05690334  0.00000000
 -0.335000  0.05977499  0.00000000
 -0.325000  0.06264188  0.00000000
 -0.315000  0.06550847  0.00000000
 -0.305000  0.06837984  0.00000000
 -0.295000  0.07126201  0.00000000
 -0.285000  0.07416215  0.00000000
 -0.275000  0.07708913  0.00000000
 -0.265000  0.08005419  0.00000000
 -0.255000  0.08307192  0.00000000
 -0.245000  0.08616184  0.00000000
 -0.235000  0.08935086  0.00000000
 -0.225000  0.09267742  0.00000000
 -0.215000  0.09619860  0.00000000
 -0.205000  0.10000315  0.00000000
 -0.195000  0.10423730  0.00000000
 -0.185000  0.10916007  0.00000000
 -0.175000  0.11527680  0.00000000
 -0.165000  0.12371841  0.00000000
 -0.155000  0.13761370  0.00000000
 -0.145000  0.16967098  0.00000000
 -0.135000  0.34259620  0.00000000
 -0.125000  0.91701561  0.00000000
 -0.115000  0.99994624  0.00000000
 -0.105000  1.00000000  0.00000000
 -0.095000  1.00000000  0.00000000
 -0.085000  1.00000000  0.00000000
 -0.075000  1.00000000  0.00000000
 -0.065000  1.00000000  0.00000000
 -0.055000  1.00000000  0.00000000
 -0.045000  1.00000000  0.00000000
 -0.035000  1.00000000  0.00000000
 -0.025000  1.00000000  0.00000000
 -0.015000  1.00000000  0.00000000
 -0.005000  0.91182554  0.00000000
  0.005000  0.87983900  1.00000000
  0.015000  0.85290563  1.00000000
  0.025000  0.82958686  1.00000000
  0.035000  0.80898589  1.00000000
  0.045000  0.79050225  1.00000000
  0.055000  0.77371478  1.00000000
  0.065000  0.75831634  1.00000000
  0.075000  0.74407643  1.00000000
  0.085000  0.73081702  1.00000000
  0.095000  0.71839780  1.00000000
  0.105000  0.70670605  1.00000000
  0.115000  0.69564986  1.00000000
  0.125000  0.68515307  1.00000000
  0.135000  0.67515182  1.00000000
  0.145000  0.66559201  1.00000000
  0.155000  0.65642709  1.00000000
  0.165000  0.64761698  1.00000000
  0.175000  0.63912660  1.00000000
  0.185000  0.63092488  1.00000000
  0.195000  0.62298447  1.00000000
  0.205000  0.61528075  1.00000000
  0.215000  0.60779154  1.00000000
  0.225000  0.60049659  1.00000000
  0.235000  0.59337741  1.00000000
  0.245000  0.58641678  1.00000000
  0.255000  0.57959867  1.00000000
  0.265000  0.57290787  1.00000000
  0.275000  0.56632984  1.00000000
  0.285000  0.55985063  1.00000000
  0.295000  0.55345660  1.00000000
  0.305000  0.54713410  1.00000000
  0.315000  0.54086965  1.00000000
  0.325000  0.53464937  1.00000000
  0.335000  0.52845907  1.00000000
  0.345000  0.52228367  1.00000000
  0.355000  0.51610732  1.00000000
  0.365000  0.50991273  1.00000000
  0.375000  0.50368130  1.00000000
  0.385000  0.49739158  1.00000000
  0.395000  0.49102157  1.00000000
  0.405000  0.48453873  1.00000000
  0.415000  0.47793040  1.00000000
  0.425000  0.47110286  1.00000000
  0.435000  0.46417764  1.00000000
  0.445000  0.45665789  1.00000000
  0.455000  0.44960061  1.00000000
  0.465000  0.44030684  1.00000000
  0.475000  0.43430281  1.00000000
  0.485000  0.42035300  1.00000000
  0.495000  0.41795027  1.00000000
  0.505000  0.39562079  0.00000000
  0.515000  0.39795822  0.00000000
  0.525000  0.36819494  0.00000000
  0.535000  0.37566343  0.00000000
  0.545000  0.33604178  0.00000000
  0.555000  0.35136169  0.00000000
  0.565000  0.29815006  0.00000000
  0.575000  0.32479504  0.00000000
  0.585000  0.25470409  0.00000000
  0.595000  0.29422498  0.00000000
  0.605000  0.20663427  0.00000000
  0.615000  0.25445276  0.00000000
  0.625000  0.15348038  0.00000000
  0.635000  0.19149724  0.00000000
  0.645000  0.08468997  0.00000000
  0.655000  0.05899717  0.00000000
  0.665000  0.00271769  0.00000000
  0.675000  0.00000208  0.00000000
  0.685000  0.00000000  0.00000000
  0.695000  0.00000000  0.00000000
  0.705000  0.00000000  0.00000000
  0.715000  0.00000000  0.00000000
  0.725000  0.00000000  0.00000000
  0.735000  0.00000000  0.00000000
  0.745000  0.00000000  0.00000000
  0.755000  0.00000000  0.00000000
  0.765000  0.00000000  0.00000000
  0.775000  0.00000000  0.00000000
  0.785000  0.00000000  0.00000000
  0.795000  0.00000000  0.00000000
  0.805000  0.00000000  0.00000000
  0.815000  0.00000000  0.00000000
  0.825000  0.00000000  0.00000000
  0.835000  0.00000000  0.00000000
  0.845000  0.00000000  0.00000000
  0.855000  0.00000000  0.00000000
  0.865000  0.00000000  0.00000000
  0.875000  0.00000000  0.00000000
  0.885000  0.00000000  0.00000000
  0.895000  0.00000000  0.00000000
  0.905000  0.00000000  0.00000000
  0.915000  0.00000000  0.00000000
  0.925000  0.00000000  0.00000000
  0.935000  0.00000000  0.00000000
  0.945000  0.00000000  0.00000000
  0.955000  0.00000000  0.00000000
  0.965000  0.00000000  0.00000000
  0.975000  0.00000000  0.00000000
  0.985000  0.00000000  0.00000000
  0.995000  0.00000000  0.00000000

 -0.995000  0.00000000  0.00000000
 -0.985000  0.00000000  0.00000000
 -0.975000  0.00000000  0.00000000
 -0.965000  0.00000000  0.00000000
 -0.955000  0.00000000  0.00000000
 -0.945000  0.00000000  0.00000000
 -0.935000  0.00000000  0.00000000
 -0.925000  0.00000000  0.00000000
 -0.915000  0.00000000  0.00000000
 -0.905000  0.00000000  0.00000000
 -0.895000  0.00000000  0.00000000
 -0.885000  0.00000000  0.00000000
 -0.875000  0.00000000  0.00000000
 -0.865000  0.00000000  0.00000000
 -0.855000  0.00000000  0.00000000
 -0.845000  0.00000000  0.00000000
 -0.835000  0.00000000  0.00000000
 -0.825000  0.00000000  0.00000000
 -0.815000  0.00000000  0.00000000
 -0.805000  0.00000000  0.00000000
 -0.795000  0.00000000  0.00000000
 -0.785000  0.00000000  0.00000000
 -0.775000  0.00000000  0.00000000
 -0.765000  0.00000000  0.00000000
 -0.755000  0.00000000  0.00000000
 -0.745000  0.00000000  0.00000000
 -0.735000  0.00000000  0.00000000
 -0.725000  0.00000000  0.00000000
 -0.715000  0.00000000  0.00000000
 -0.705000  0.00000000  0.00000000
 -0.695000  0.00000000  0.00000000
 -0.685000  0.00000000  0.00000000
 -0.675000  0.00000000  0.00000000
 -0.665000  0.00000000  0.00000000
 -0.655000  0.00000000  0.00000000
 -0.645000  0.00000000  0.00000000
 -0.635000  0.00000000  0.00000000
 -0.625000  0.00000000  0.00000000
 -0.615000  0.00000000  0.00000000
 -0.605000  0.00000000  0.00000000
 -0.595000  0.00000000  0.00000000
 -0.585000  0.00000000  0.00000000
 -0.575000  0.00000000  0.00000000
 -0.565000  0.00000000  0.00000000
 -0.555000  0.00000000  0.00000000
 -0.545000  0.00000000  0.00000000
 -0.535000  0.00000000  0.00000000
 -0.525000  0.00000000  0.00000000
 -0.515000  0.00000000  0.00000000
 -0.505000  0.00569110  0.00000000
 -0.495000  0.00914801  0.00000000
 -0.485000  0.01232641  0.00000000
 -0.475000  0.01536325  0.00000000
 -0.465000  0.01830704  0.00000000
 -0.455000  0.02118153  0.00000000
 -0.445000  0.02400053  0.00000000
 -0.435000  0.02677310  0.00000000
 -0.425000  0.02950568  0.00000000
 -0.415000  0.03220317  0.00000000
 -0.405000  0.03486945  0.00000000
 -0.395000  0.03750782  0.00000000
 -0.385000  0.04012112  0.00000000
 -0.375000  0.04271188  0.00000000
 -0.365000  0.04528247  0.00000000
 -0.355000  0.04783513  0.00000000
 -0.345000  0.05037201  0.00000000
 -0.335000  0.05289529  0.00000000
 -0.325000  0.05540716  0.00000000
 -0.315000  0.05790989  0.00000000
 -0.305000  0.06040588  0.00000000
 -0.295000  0.06289773  0.00000000
 -0.285000  0.06538832  0.00000000
 -0.275000  0.06788086  0.00000000
 -0.265000  0.07037906  0.00000000
 -0.255000  0.07288724  0.00000000
 -0.245000  0.07541059  0.00000000
 -0.235000  0.07795541  0.00000000
 -0.225000  0.08052954  0.00000000
 -0.215000  0.08314297  0.00000000
 -0.205000  0.08580869  0.00000000
 -0.195000  0.08854409  0.00000000
 -0.185000  0.09137300  0.00000000
 -0.175000  0.09432917  0.00000000
 -0.165000  0.09746217  0.00000000
 -0.155000  0.10084797  0.00000000
 -0.145000  0.10460924  0.00000000
 -0.135000  0.10895767  0.00000000
 -0.125000  0.11429168  0.00000000
 -0.115000  0.12145752  0.00000000
 -0.105000  0.13260815  0.00000000
 -0.095000  0.15518470  0.00000000
 -0.085000  0.23913738  0.00000000
 -0.075000  0.74778682  0.00000000
 -0.065000  0.99854118  0.00000000
 -0.055000  1.00000000  0.00000000
 -0.045000  1.00000000  0.00000000
 -0.035000  1.00000000  0.00000000
 -0.025000  1.00000000  0.00000000
 -0.015000  1.00000000  0.00000000
 -0.005000  0.91622871  0.00000000
  0.005000  0.88786101  1.00000000
  0.015000  0.86350429  1.00000000
  0.025000  0.84207523  1.00000000
  0.035000  0.82292378  1.00000000
  0.045000  0.80559671  1.00000000
  0.055000  0.78976327  1.00000000
  0.065000  0.77517390  1.00000000
  0.075000  0.76163602  1.00000000
  0.085000  0.74899805  1.00000000
  0.095000  0.73713833  1.00000000
  0.105000  0.72595793  1.00000000
  0.115000  0.71537548  1.00000000
  0.125000  0.70532286  1.00000000
  0.135000  0.69574249  1.00000000
  0.145000  0.68658549  1.00000000
  0.155000  0.67780966  1.00000000
  0.165000  0.66937852  1.00000000
  0.175000  0.66126019  1.00000000
  0.185000  0.65342647  1.00000000
  0.195000  0.64585257  1.00000000
  0.205000  0.63851625  1.00000000
  0.215000  0.63139766  1.00000000
  0.225000  0.62447870  1.00000000
  0.235000  0.61774313  1.00000000
  0.245000  0.61117595  1.00000000
  0.255000  0.60476351  1.00000000
  0.265000  0.59849310  1.00000000
  0.275000  0.59235287  1.00000000
  0.285000  0.58633167  1.00000000
  0.295000  0.58041912  1.00000000
  0.305000  0.57460523  1.00000000
  0.315000  0.56888032  1.00000000
  0.325000  0.56323522  1.00000000
  0.335000  0.55766082  1.00000000
  0.345000  0.55214822  1.00000000
  0.355000  0.54668856  1.00000000
  0.365000  0.54127282  1.00000000
  0.375000  0.53589183  1.00000000
  0.385000  0.53053612  1.00000000
  0.395000  0.52519590  1.00000000
  0.405000  0.51986074  1.00000000
  0.415000  0.51451957  1.00000000
  0.425000  0.50916022  1.00000000
  0.435000  0.50376964  1.00000000
  0.445000  0.49833319  1.00000000
  0.455000  0.49283484  1.00000000
  0.465000  0.48725471  1.00000000
  0.475000  0.48157609  1.00000000
  0.485000  0.47576028  1.00000000
  0.495000  0.46982056  1.00000000
  0.505000  0.46360567  0.00000000
  0.515000  0.45738375  0.00000000
  0.525000  0.45034325  0.00000000
  0.535000  0.44418409  0.00000000
  0.545000  0.43504524  0.00000000
  0.555000  0.43034598  0.00000000
  0.565000  0.41622338  0.00000000
  0.575000  0.41493332  0.00000000
  0.585000  0.39373639  0.00000000
  0.595000  0.39636785  0.00000000
  0.605000  0.36872616  0.00000000
  0.615000  0.37572637  0.00000000
  0.625000  0.33918342  0.00000000
  0.635000  0.35307989  0.00000000
  0.645000  0.30424300  0.00000000
  0.655000  0.32825053  0.00000000
  0.665000  0.26383311  0.00000000
  0.675000  0.29998323  0.00000000
  0.685000  0.21860886  0.00000000
  0.695000  0.26430869  0.00000000
  0.705000  0.16819024  0.00000000
  0.715000  0.21087211  0.00000000
  0.725000  0.10658477  0.00000000
  0.735000  0.09864597  0.00000000
  0.745000  0.01774667  0.00000000
  0.755000  0.00033064  0.00000000
  0.765000  0.00000000  0.00000000
  0.775000  0.00000000  0.00000000
  0.785000  0.00000000  0.00000000
  0.795000  0.00000000  0.00000000
  0.805000  0.00000000  0.00000000
  0.815000  0.00000000  0.00000000
  0.825000  0.00000000  0.00000000
  0.835000  0.00000000  0.00000000
  0.845000  0.00000000  0.00000000
  0.855000  0.00000000  0.00000000
  0.865000  0.00000000  0.00000000
  0.875000  0.00000000  0.00000000
  0.885000  0.00000000  0.00000000
  0.895000  0.00000000  0.00000000
  0.905000  0.00000000  0.00000000
  0.915000  0.00000000  0.00000000
  0.925000  0.00000000  0.00000000
  0.935000  0.00000000  0.00000000
  0.945000  0.00000000  0.00000000
  0.955000  0.00000000  0.00000000
  0.965000  0.00000000  0.00000000
  0.975000  0.00000000  0.00000000
  0.985000  0.00000000  0.00000000
  0.995000  0.00000000  0.00000000

 -0.995000  0.00000000  0.00000000
 -0.985000  0.00000000  0.00000000
 -0.975000  0.00000000  0.00000000
 -0.965000  0.00000000  0.00000000
 -0.955000  0.00000000  0.00000000
 -0.945000  0.00000000  0.00000000
 -0.935000  0.00000000  0.00000000
 -0.925000  0.00000000  0.00000000
 -0.915000  0.00000000  0.00000000
 -0.905000  0.00000000  0.00000000
 -0.895000  0.00000000  0.00000000
 -0.885000  0.00000000  0.00000000
 -0.875000  0.00000000  0.00000000
 -0.865000  0.00000000  0.00000000
 -0.855000  0.00000000  0.00000000
 -0.845000  0.00000000  0.00000000
 -0.835000  0.00000000  0.00000000
 -0.825000  0.00000000  0.00000000
 -0.815000  0.00000000  0.00000000
 -0.805000  0.00000000  0.00000000
 -0.795000  0.00000000  0.00000000
 -0.785000  0.00000000  0.00000000
 -0.775000  0.00000000  0.00000000
 -0.765000  0.00000000  0.00000000
 -0.755000  0.00000000  0.00000000
 -0.745000  0.00000000  0.00000000
 -0.735000  0.00000000  0.00000000
 -0.725000  0.00000000  0.00000000
 -0.715000  0.00000000  0.00000000
 -0.705000  0.00000000  0.00000000
 -0.695000  0.00000000  0.00000000
 -0.685000  0.00000000  0.00000000
 -0.675000  0.00000000  0.00000000
 -0.665000  0.00000000  0.00000000
 -0.655000  0.00000000  0.00000000
 -0.645000  0.00000000  0.00000000
 -0.635000  0.00000000  0.00000000
 -0.625000  0.00000000  0.00000000
 -0.615000  0.00000000  0.00000000
 -0.605000  0.00000000  0.00000000
 -0.595000  0.00000000  0.00000000
 -0.585000  0.00000000  0.00000000
 -0.575000  0.00000000  0.00000000
 -0.565000  0.00000000  0.00000000
 -0.555000  0.00000000  0.00000000
 -0.545000  0.00000000  0.00000000
 -0.535000  0.00000000  0.00000000
 -0.525000  0.00000000  0.00000000
 -0.515000  0.00000000  0.00000000
 -0.505000  0.00509906  0.00000000
 -0.495000  0.00819985  0.00000000
 -0.485000  0.01105285  0.00000000
 -0.475000  0.01378042  0.00000000
 -0.465000  0.01642575  0.00000000
 -0.455000  0.01900991  0.00000000
 -0.445000  0.02154511  0.00000000
 -0.435000  0.02403925  0.00000000
 -0.425000  0.02649790  0.00000000
 -0.415000  0.02892524  0.00000000
 -0.405000  0.03132455  0.00000000
 -0.395000  0.03369851  0.00000000
 -0.385000  0.03604944  0.00000000
 -0.375000  0.03837934  0.00000000
 -0.365000  0.04069001  0.00000000
 -0.355000  0.04298310  0.00000000
 -0.345000  0.04526021  0.00000000
 -0.335000  0.04752279  0.00000000
 -0.325000  0.04977234  0.00000000
 -0.315000  0.05201029  0.00000000
 -0.305000  0.05423809  0.00000000
 -0.295000  0.05645726  0.00000000
 -0.285000  0.05866934  0.00000000
 -0.275000  0.06087598  0.00000000
 -0.265000  0.06307895  0.00000000
 -0.255000  0.06528018  0.00000000
 -0.245000  0.06748184  0.00000000
 -0.235000  0.06968633  0.00000000
 -0.225000  0.07189643  0.00000000
 -0.215000  0.07411537  0.00000000
 -0.205000  0.07634699  0.00000000
 -0.195000  0.07859590  0.00000000
 -0.185000  0.08086776  0.00000000
 -0.175000  0.08316964  0.00000000
 -0.165000  0.08551054  0.00000000
 -0.155000  0.08790217  0.00000000
 -0.145000  0.09036011  0.00000000
 -0.135000  0.09290557  0.00000000
 -0.125000  0.09556843  0.00000000
 -0.115000  0.09839201  0.00000000
 -0.105000  0.10144177  0.00000000
 -0.095000  0.10482156  0.00000000
 -0.085000  0.10870633  0.00000000
 -0.075000  0.11341506  0.00000000
 -0.065000  0.11959503  0.00000000
 -0.055000  0.12878127  0.00000000
 -0.045000  0.14565603  0.00000000
 -0.035000  0.19362281  0.00000000
 -0.025000  0.52830571  0.00000000
 -0.015000  0.98438120  0.00000000
 -0.005000  0.92042518  0.00000000
  0.005000  0.89461303  1.00000000
  0.015000  0.87227249  1.00000000
  0.025000  0.85241205  1.00000000
  0.035000  0.83450514  1.00000000
  0.045000  0.81819093  1.00000000
  0.055000  0.80320126  1.00000000
  0.065000  0.78933001  1.00000000
  0.075000  0.77641499  1.00000000
  0.085000  0.76432645  1.00000000
  0.095000  0.75295854  1.00000000
  0.105000  0.74222440  1.00000000
  0.115000  0.73205149  1.00000000
  0.125000  0.72237885  1.00000000
  0.135000  0.71315455  1.00000000
  0.145000  0.70433408  1.00000000
  0.155000  0.69587904  1.00000000
  0.165000  0.68775606  1.00000000
  0.175000  0.67993575  1.00000000
  0.185000  0.67239231  1.00000000
  0.195000  0.66510284  1.00000000
  0.205000  0.65804690  1.00000000
  0.215000  0.65120620  1.00000000
  0.225000  0.64456421  1.00000000
  0.235000  0.63810599  1.00000000
  0.245000  0.63181800  1.00000000
  0.255000  0.62568784  1.00000000
  0.265000  0.61970401  1.00000000
  0.275000  0.61385602  1.00000000
  0.285000  0.60813421  1.00000000
  0.295000  0.60252935  1.00000000
  0.305000  0.59703302  1.00000000
  0.315000  0.59163725  1.00000000
  0.325000  0.58633441  1.00000000
  0.335000  0.58111739  1.00000000
  0.345000  0.57597917  1.00000000
  0.355000  0.57091326  1.00000000
  0.365000  0.56591314  1.00000000
  0.375000  0.56097245  1.00000000
  0.385000  0.55608517  1.00000000
  0.395000  0.55124503  1.00000000
  0.405000  0.54644597  1.00000000
  0.415000  0.54168165  1.00000000
  0.425000  0.53694588  1.00000000
  0.435000  0.53223199  1.00000000
  0.445000  0.52753329  1.00000000
  0.455000  0.52284271  1.00000000
  0.465000  0.51815271  1.00000000
  0.475000  0.51345515  1.00000000
  0.485000  0.50874132  1.00000000
  0.495000  0.50400168  1.00000000
  0.505000  0.49922574  0.00000000
  0.515000  0.49440184  0.00000000
  0.525000  0.48951659  0.00000000
  0.535000  0.48455608  0.00000000
  0.545000  0.47949988  0.00000000
  0.555000  0.47433856  0.00000000
  0.565000  0.46901977  0.00000000
  0.575000  0.46359682  0.00000000
  0.585000  0.45783028  0.00000000
  0.595000  0.45218906  0.00000000
  0.605000  0.44545949  0.00000000
  0.615000  0.44009855  0.00000000
  0.625000  0.43097758  0.00000000
  0.635000  0.42736113  0.00000000
  0.645000  0.41319653  0.00000000
  0.655000  0.41272551  0.00000000
  0.665000  0.39260262  0.00000000
  0.675000  0.39541662  0.00000000
  0.685000  0.36944249  0.00000000
  0.695000  0.37614354  0.00000000
  0.705000  0.34197843  0.00000000
  0.715000  0.35488504  0.00000000
  0.725000  0.30938101  0.00000000
  0.735000  0.33150321  0.00000000
  0.745000  0.27140895  0.00000000
  0.755000  0.30506453  0.00000000
  0.765000  0.22846086  0.00000000
  0.775000  0.27242830  0.00000000
  0.785000  0.18044910  0.00000000
  0.795000  0.22544347  0.00000000
  0.805000  0.12312416  0.00000000
  0.815000  0.13192469  0.00000000
  0.825000  0.04237175  0.00000000
  0.835000  0.00480991  0.00000000
  0.845000  0.00000077  0.00000000
  0.855000  0.00000000  0.00000000
  0.865000  0.00000000  0.00000000
  0.875000  0.00000000  0.00000000
  0.885000  0.00000000  0.00000000
  0.895000  0.00000000  0.00000000
  0.905000  0.00000000  0.00000000
  0.915000  0.00000000  0.00000000
  0.925000  0.00000000  0.00000000
  0.935000  0.00000000  0.00000000
  0.945000  0.00000000  0.00000000
  0.955000  0.00000000  0.00000000
  0.965000  0.00000000  0.00000000
  0.975000  0.00000000  0.00000000
  0.985000  0.00000000  0.00000000
  0.995000  0.00000000  0.00000000

